#epoch,tr_acc,tst_acc,tr_loss,tst_loss
1,32.338,39.81,0.6223972407753208,0.5991149869146225
2,46.611999999999995,51.12,0.5864165050294394,0.5774411664733405
3,53.93600000000001,55.86,0.5707440665920671,0.5654055604451819
4,58.44199999999999,60.57,0.5596355547380572,0.5552493733695789
5,62.434,63.480000000000004,0.5513837921345025,0.548418364192866
6,65.262,65.09,0.5449817804119473,0.544606924811496
7,67.628,66.01,0.5397445557977233,0.54158092450492
8,69.392,67.78999999999999,0.5355312717540184,0.5386968858634367
9,71.15599999999999,70.74000000000001,0.5319802457719212,0.5330510365812086
10,72.608,71.67,0.5291646514707211,0.5313178059421011
11,73.708,71.32000000000001,0.526602745970802,0.5316759325280973
12,75.158,72.61999999999999,0.5239542757763579,0.5292336042923258
13,76.586,73.29,0.5212841001922817,0.527052533022965
14,77.462,75.11,0.5190910762533202,0.5248820374283609
15,78.61200000000001,76.14,0.5169920714767386,0.5220253241213061
16,79.216,76.42,0.5156546334171537,0.5217866316626342
17,80.11399999999999,76.28,0.5137213888528089,0.5219704455967193
18,80.94200000000001,76.98,0.5118400564279093,0.5206273869623111
19,81.74,77.99000000000001,0.5106444153791805,0.5183570464200611
20,82.304,77.42,0.5095661225373791,0.5185413760474965
21,83.056,78.42,0.5072773018151602,0.5175957257234598
22,83.442,78.75,0.5065571152035845,0.5162601120109798
23,84.29599999999999,78.33,0.5050396742418297,0.5162093164045599
24,84.806,78.74,0.5041628041688135,0.5156497253647332
25,85.336,79.36,0.5028900549082498,0.5142540641223325
26,85.898,79.39,0.5017204424151982,0.513963494119765
27,86.50999999999999,79.91,0.5008183295464567,0.513545499572271
28,86.916,80.05,0.49988824540696813,0.5127070006690446
29,87.28,79.89,0.49882492034331594,0.5129829535755929
30,87.746,80.18,0.497923944078748,0.5124982818018032
31,87.83,80.41,0.4977043019536206,0.51209131222737
32,88.388,80.5,0.49659389234564816,0.5109320765809165
33,88.736,80.53,0.4957268136693999,0.5121163654176496
34,89.36999999999999,79.91,0.4948211900718377,0.5121769410899922
35,89.28399999999999,80.41,0.49449583773722716,0.5115762077554874
36,89.842,80.55,0.49382101087009195,0.511161107428466
37,90.242,80.85,0.49294029812678664,0.5104934599580647
38,90.496,80.65,0.4923335479958284,0.5113499953022487
39,90.8,80.96,0.49179666678009093,0.5106841272945647
40,91.122,80.92,0.4912055111144815,0.5106788304033161
41,91.36800000000001,81.24,0.4906874139747959,0.510487720558915
42,91.806,80.92,0.49006189463083716,0.5107570856432369
43,92.0,80.82000000000001,0.4895140376237345,0.5105978722059273
44,92.31,81.42,0.4888649789421151,0.5100560622124731
45,92.336,81.25,0.48886739940899415,0.509646877457824
46,92.402,81.25,0.4885919120762962,0.5099415779113773
47,92.816,81.2,0.4877605275882174,0.5100971852676777
48,93.09,81.43,0.4873017445397193,0.5097305736964263
49,93.014,81.12,0.48753470754074607,0.5102713160876986
50,93.382,81.49,0.486783098534245,0.5098349757586852
51,93.566,81.57,0.4860341617518372,0.5106228246719023
52,93.572,81.47999999999999,0.4860067479598247,0.510277086798149
53,93.894,81.63,0.48573389603658707,0.5102952315083035
54,94.196,81.27,0.48505650807524536,0.5100292480444608
55,94.226,81.38,0.4848546472656758,0.5103470177590093
56,94.108,81.38,0.4851818517650789,0.5100049063374725
57,94.346,81.75,0.4847078843952142,0.5098334999778601
58,94.482,81.82000000000001,0.48411315420399564,0.5093261622175385
59,94.816,81.53,0.4837919501087552,0.5097034184993069
60,94.746,81.97,0.4836231135498837,0.5089515323125862
61,94.804,81.13,0.4839030027084645,0.5102971973298472
62,94.998,81.86,0.4832319903099324,0.5093143518212474
63,95.102,81.72,0.48285873550588226,0.5096929665607741
64,95.224,81.38,0.4828131274341624,0.5107867951634564
65,95.262,81.61,0.4827121996971045,0.5101304642761809
66,95.38799999999999,81.42,0.4824383396779181,0.5104563477673107
67,95.406,81.80000000000001,0.48255289767099485,0.5097514858728721
68,95.562,81.67999999999999,0.4823897561758685,0.5100377613230594
69,95.44200000000001,81.74,0.48223025429889077,0.5095527685141266
70,95.588,81.50999999999999,0.48196829866875174,0.509960639703123
71,95.744,81.67,0.48175584904068247,0.5093811618376382
72,95.856,82.17999999999999,0.48148970241131994,0.509218014871018
73,95.604,81.5,0.4818818198750393,0.5102396392369573
74,95.986,81.69,0.48116848131884693,0.5102204031582117
75,95.848,81.55,0.48132622729786834,0.5102130653737466
76,96.05799999999999,81.77,0.4812602879446179,0.5105707381345049
77,96.03399999999999,81.73,0.48094139028997984,0.5104332951050771
78,96.02199999999999,81.58999999999999,0.4809402752562864,0.5099934120721454
79,96.206,81.73,0.48060158802115405,0.5096155016482631
80,96.226,81.69,0.48059283551352716,0.5100249599052381
81,96.456,81.62,0.48011938049970065,0.5105373693417897
82,96.21,81.88,0.4805502497479129,0.5100718431080449
83,96.236,81.88,0.48073633407692773,0.5101229495640042
84,96.166,81.61,0.4807365461231194,0.5097297475307803
85,96.41199999999999,81.75,0.4800061984440251,0.5097397460213191
86,96.37599999999999,81.93,0.480118558839764,0.5102126534226572
87,96.37599999999999,81.28999999999999,0.4802561855072255,0.5106480351731747
88,96.342,82.08,0.48017826302886907,0.5095465907567663
89,96.50800000000001,81.83,0.4799997458220138,0.5097146947172625
90,96.464,81.62,0.48000244563802724,0.5104748067222067
91,96.686,81.87,0.4796118802579165,0.509835337913489
92,96.654,81.56,0.4797573722994237,0.5108544139922421
93,96.56,81.62,0.4798509168350483,0.5106424549712412
94,96.614,81.81,0.4796825783027101,0.510593481833422
95,96.66,82.1,0.47956939175000873,0.5100531778003597
96,96.732,81.93,0.4794481905067662,0.5103551119188721
97,96.572,81.56,0.48001154647458844,0.5105758573435529
98,96.788,81.72,0.4794632339721447,0.5104274828977219
99,96.774,82.01,0.4793628769762376,0.5105259509026249
100,96.708,81.84,0.47935057532451925,0.510816097636766
